 0.355 
 0.793 
 1.295 
 1.749 
 2.19 
 2.564 
 3.13 
 3.587 
 4.036 
 4.496 
 4.967 
 5.427 
 5.886 
 6.349 
 6.809 
 7.269 
 7.736 
 8.197 
 8.65 
 9.112 
 9.583 
 10.044 
 10.494 
 10.957 
 11.427 
 11.887 
 12.342 
 12.803 
 13.27 
 13.732 
 14.19 
 14.648 
 15.111 
 15.578 
 16.014 
 16.492 
 16.953 
 17.426 
 17.886 
 18.335 
 18.797 
 19.273 
 19.734 
 20.176 
 20.642 
 21.118 
 21.573 
 22.034 
 22.407 
 22.964 
 23.413 
 23.863 
 24.336 
 24.805 
 25.253 
 25.712 
 26.182 
 26.644 
 27.091 
 27.55 
 28.015 
 28.461 
 28.892 
 29.328 
 29.758 
 30.163 
 30.551 
 30.89 
 31.336 
 31.721 
 32.092 
 32.47 
 32.841 
 33.216 
 33.602 
 33.97 
 34.34 
 34.718 
 35.099 
 35.473 
 35.846 
 36.222 
 36.592 
 36.971 
 37.348 
 37.721 
 38.093 
 38.468 
 38.842 
 39.335 
 39.598 
 39.97 
 40.339 
 40.714 
 41.094 
 41.474 
 41.845 
 42.227 
 42.585 
 42.969 
 43.35 
 43.757 
 44.082 
 44.458 
 44.845 
 45.225 
 45.59 
 45.952 
 46.33 
 46.721 
 47.099 
 47.458 
 47.82 
 48.204 
 48.597 
 48.97 
 49.323 
 49.702 
 50.077 
 50.472 
 50.839 
 51.186 
 51.553 
 51.949 
 52.344 
 52.704 
 53.049 
 53.426 
 53.819 
 54.212 
 54.568 
 54.912 
 55.283 
 55.686 
 56.078 
 56.46 
 56.776 
 57.149 
 57.553 
 57.941 
 58.294 
 58.674 
 59.019 
 59.42 
 59.808 
