 0.087 
 0.588 
 1.094 
 1.609 
 2.126 
 2.667 
 3.223 
 3.771 
 4.31 
 4.837 
 5.348 
 5.867 
 6.39 
 6.886 
 7.37 
 7.867 
 8.371 
 8.866 
 9.372 
 9.859 
 10.336 
 10.801 
 11.261 
 11.717 
 12.171 
 12.62 
 13.062 
 13.513 
 13.938 
 14.369 
 14.797 
 15.223 
 15.65 
 16.077 
 16.506 
 16.943 
 17.379 
 17.812 
 18.267 
 18.714 
 19.162 
 19.607 
 20.051 
 20.501 
 20.946 
 21.4 
 21.848 
 22.297 
 22.749 
 23.204 
 23.654 
 24.133 
 24.602 
 25.073 
 25.546 
 26.018 
 26.521 
 27.005 
 27.48 
 27.952 
 28.501 
 28.915 
 29.397 
 29.871 
 30.359 
 30.837 
 31.332 
 31.829 
 32.325 
 32.822 
 33.363 
 33.82 
 34.34 
 34.902 
 35.294 
 35.778 
 36.233 
 36.696 
 37.156 
 37.609 
 38.066 
 38.517 
 38.967 
 39.42 
 39.877 
 40.321 
 40.771 
 41.216 
 41.669 
 42.127 
 42.59 
 43.047 
 43.499 
 43.959 
 44.418 
 44.904 
 45.373 
 45.841 
 46.31 
 46.763 
 47.232 
 47.691 
 48.22 
 48.621 
 49.08 
 49.533 
 49.985 
 50.439 
 50.896 
 51.35 
 51.814 
 52.275 
 52.746 
 53.221 
 53.697 
 54.182 
 54.665 
 55.148 
 55.631 
 56.079 
 56.562 
 56.991 
 57.442 
 57.892 
 58.338 
 58.788 
 59.234 
 59.685 
