 0.256 
 0.559 
 0.86 
 1.3 
 1.786 
 2.158 
 2.821 
 3.048 
 3.521 
 3.911 
 4.278 
 4.656 
 5.061 
 5.445 
 5.826 
 6.208 
 6.591 
 6.919 
 7.309 
 7.692 
 8.075 
 8.458 
 8.841 
 9.224 
 9.607 
 9.99 
 10.291 
 10.674 
 11.03 
 11.4 
 11.797 
 12.174 
 12.58 
 12.967 
 13.279 
 13.749 
 14.146 
 14.487 
 14.856 
 15.239 
 15.557 
 15.912 
 16.274 
 16.632 
 16.923 
 17.28 
 17.638 
 17.996 
 18.552 
 18.91 
 19.268 
 19.626 
 19.984 
 20.342 
 20.795 
 21.153 
 21.511 
 21.869 
 22.227 
 22.585 
 22.993 
 23.351 
 23.759 
 24.142 
 24.538 
 24.928 
 25.321 
 25.712 
 26.104 
 26.732 
 27.124 
 27.516 
 27.908 
 28.228 
 28.607 
 29.127 
 29.421 
 29.8 
 30.184 
 30.494 
 30.678 
 30.819 
 32.386 
 32.674 
 32.886 
 33.338 
 33.708 
 34.271 
 34.555 
 35.444 
 36.26 
 37.015 
 37.299 
 37.583 
 38.363 
 38.565 
 38.956 
 39.156 
 39.523 
 40.026 
 40.241 
 40.52 
 41.325 
 41.557 
 41.933 
 42.14 
 42.957 
 43.241 
 44.488 
 44.826 
 46.302 
 46.895 
 47.071 
 47.424 
 47.897 
 48.31 
 48.686 
 49.292 
 49.564 
 49.967 
 50.279 
 50.708 
 51.235 
 51.541 
 51.911 
 52.31 
 52.701 
 53.156 
 53.642 
 54.127 
 54.686 
 55.062 
 55.471 
 55.927 
 56.346 
 56.861 
 57.362 
 57.84 
 58.33 
 59.052 
 59.901 
