 0.318 
 0.802 
 1.762 
 2.232 
 2.935 
 3.05 
 3.179 
 3.647 
 4.034 
 4.115 
 4.578 
 5.042 
 5.507 
 5.99 
 6.466 
 6.946 
 7.432 
 7.914 
 8.395 
 8.898 
 9.382 
 9.865 
 10.337 
 10.815 
 11.288 
 11.631 
 12.25 
 12.738 
 13.218 
 13.731 
 14.228 
 14.725 
 15.222 
 15.689 
 16.16 
 16.763 
 16.781 
 17.682 
 18.03 
 18.49 
 18.955 
 19.417 
 19.888 
 20.359 
 20.83 
 21.318 
 21.796 
 22.283 
 23.103 
 23.256 
 23.74 
 24.434 
 24.477 
 24.695 
 25.169 
 25.637 
 26.11 
 26.58 
 27.058 
 27.543 
 28.03 
 28.518 
 29.003 
 29.504 
 29.985 
 30.462 
 30.941 
 31.412 
 31.888 
 32.363 
 32.966 
 33.31 
 33.786 
 34.263 
 34.735 
 35.209 
 35.678 
 36.069 
 36.54 
 37.091 
 37.564 
 38.035 
 38.499 
 38.959 
 39.423 
 39.887 
 40.342 
 40.804 
 41.262 
 41.722 
 42.182 
 42.653 
 43.113 
 43.558 
 44.018 
 44.551 
 45.019 
 45.485 
 45.952 
 46.414 
 46.879 
 47.342 
 47.805 
 48.282 
 49.001 
 49.067 
 49.744 
 50.227 
 50.703 
 51.178 
 51.656 
 52.143 
 52.62 
 53.108 
 53.6 
 54.084 
 54.567 
 55.053 
 55.538 
 56.009 
 56.493 
 56.997 
 57.49 
 58.03 
 58.471 
 58.834 
 59.908 
