 1.878 
 2.772 
 3.053 
 3.456 
 3.565 
 4.526 
 5.223 
 5.801 
 7.082 
 7.439 
 7.602 
 8.455 
 9.255 
 9.806 
 11.134 
 12.149 
 12.497 
 12.694 
 14.007 
 14.993 
 15.467 
 15.629 
 17.142 
 18.624 
 19.222 
 21.13 
 23.366 
 23.767 
 24.482 
 25.251 
 25.546 
 28.068 
 28.52 
 28.581 
 29.11 
 29.914 
 30.039 
 30.082 
 30.405 
 31.055 
 32.095 
 32.582 
 34.422 
 36.377 
 38.35 
 41.018 
 41.707 
 43.072 
 43.698 
 44.351 
 46.956 
 47.148 
 47.277 
 47.73 
 48.373 
 48.814 
 49.459 
 50.007 
 52.316 
 53.039 
 53.686 
 54.96 
 56.356 
 58.329 
 59.961 
