 0.246 
 0.752 
 1.257 
 1.536 
 1.76 
 2.258 
 2.753 
 3.249 
 3.744 
 4.232 
 4.727 
 5.223 
 5.719 
 6.212 
 6.708 
 7.212 
 7.717 
 8.225 
 8.739 
 9.255 
 9.771 
 10.279 
 10.788 
 11.296 
 11.802 
 12.293 
 12.786 
 13.28 
 13.771 
 14.257 
 14.749 
 15.227 
 15.711 
 16.196 
 16.68 
 17.166 
 17.65 
 18.137 
 18.627 
 19.114 
 19.603 
 20.093 
 20.624 
 21.066 
 21.55 
 22.045 
 22.534 
 23.032 
 23.526 
 24.02 
 24.509 
 24.995 
 25.486 
 25.96 
 26.446 
 26.929 
 27.412 
 27.895 
 28.38 
 28.867 
 29.347 
 29.831 
 30.316 
 30.791 
 31.275 
 31.756 
 32.236 
 32.713 
 33.196 
 33.676 
 34.157 
 34.643 
 35.124 
 35.608 
 36.092 
 36.578 
 37.058 
 37.545 
 38.03 
 38.516 
 39.284 
 39.36 
 39.988 
 40.477 
 40.962 
 41.448 
 41.936 
 42.41 
 42.895 
 43.38 
 43.86 
 44.338 
 44.82 
 45.298 
 45.777 
 46.261 
 46.746 
 47.229 
 47.714 
 48.202 
 48.687 
 49.173 
 49.66 
 50.146 
 50.628 
 51.11 
 51.591 
 52.066 
 52.545 
 53.022 
 53.499 
 53.976 
 54.454 
 54.931 
 55.41 
 55.887 
 56.365 
 56.843 
 57.314 
 57.796 
 58.274 
 58.748 
 59.225 
 59.702 
