 0.212 
 0.292 
 0.782 
 1.941 
 2.304 
 2.805 
 3.232 
 3.902 
 4.188 
 5.388 
 5.941 
 6.505 
 6.544 
 7.116 
 7.512 
 7.911 
 8.406 
 8.739 
 9.259 
 9.685 
 10.11 
 10.537 
 10.932 
 11.382 
 11.769 
 12.159 
 12.552 
 12.944 
 13.445 
 14.034 
 14.247 
 14.767 
 15.236 
 15.658 
 16.116 
 16.472 
 16.912 
 17.329 
 17.65 
 18.188 
 18.618 
 19.049 
 19.447 
 19.878 
 20.344 
 20.775 
 21.219 
 21.656 
 22.074 
 22.508 
 22.93 
 23.358 
 23.756 
 24.19 
 24.747 
 24.939 
 25.47 
 25.931 
 26.361 
 26.762 
 27.221 
 27.65 
 28.081 
 28.475 
 28.936 
 29.557 
 29.933 
 30.36 
 30.732 
 31.428 
 31.491 
 31.918 
 32.318 
 32.772 
 33.199 
 33.593 
 34.057 
 34.498 
 34.877 
 35.341 
 35.695 
 36.198 
 36.624 
 36.995 
 37.476 
 38.101 
 38.323 
 38.746 
 39.198 
 39.636 
 39.982 
 40.302 
 40.694 
 41.002 
 41.587 
 42.09 
 42.513 
 42.966 
 43.444 
 44.23 
 44.487 
 44.956 
 45.313 
 45.733 
 46.122 
 46.772 
 47.193 
 47.622 
 48.183 
 48.916 
 49.314 
 50.135 
 50.582 
 50.752 
 51.842 
 52.258 
 52.84 
 53.339 
 53.83 
 54.338 
 55.172 
 55.536 
 56.005 
 56.421 
 56.864 
 57.294 
 57.952 
 57.974 
 58.844 
 59.479 
 59.78 
