 0.197 
 0.778 
 1.143 
 1.508 
 1.813 
 2.178 
 2.543 
 2.908 
 3.343 
 3.708 
 4.073 
 4.67 
 4.822 
 5.153 
 5.199 
 7.069 
 8.921 
 9.13 
 9.287 
 9.653 
 10.019 
 10.385 
 10.751 
 11.114 
 11.478 
 11.843 
 12.21 
 12.575 
 12.938 
 13.302 
 13.665 
 14.027 
 14.39 
 14.75 
 15.084 
 15.472 
 15.832 
 16.191 
 16.55 
 16.908 
 17.267 
 17.626 
 17.987 
 18.347 
 18.706 
 19.066 
 19.424 
 19.785 
 20.144 
 20.502 
 20.86 
 21.154 
 21.512 
 21.927 
 22.283 
 22.643 
 23.028 
 23.368 
 23.734 
 24.097 
 24.477 
 24.856 
 25.236 
 25.617 
 25.997 
 26.377 
 26.744 
 27.117 
 27.494 
 27.866 
 28.236 
 28.605 
 28.973 
 29.339 
 29.705 
 30.072 
 30.444 
 30.811 
 31.179 
 31.548 
 31.917 
 32.282 
 32.647 
 33.012 
 33.376 
 33.739 
 34.103 
 34.465 
 34.829 
 35.196 
 35.566 
 35.935 
 36.304 
 36.673 
 37.038 
 37.405 
 37.771 
 38.136 
 38.501 
 38.836 
 39.228 
 39.595 
 39.956 
 40.324 
 40.692 
 41.05 
 41.413 
 41.746 
 42.139 
 42.501 
 42.863 
 43.225 
 43.584 
 43.944 
 44.305 
 44.807 
 45.024 
 45.385 
 45.742 
 46.1 
 46.457 
 46.813 
 47.169 
 47.526 
 47.882 
 48.238 
 48.593 
 48.949 
 49.304 
 49.662 
 50.018 
 50.379 
 50.735 
 51.088 
 51.446 
 51.802 
 52.159 
 52.516 
 52.867 
 53.22 
 53.573 
 53.926 
 54.279 
 54.632 
 54.985 
 55.336 
 55.689 
 56.043 
 56.396 
 56.753 
 57.022 
 57.469 
 57.824 
 58.188 
 58.593 
 58.92 
 59.283 
 59.644 
