 0.43 
 0.799 
 1.166 
 1.532 
 1.898 
 2.176 
 2.632 
 2.999 
 3.366 
 3.733 
 4.097 
 4.461 
 4.826 
 5.189 
 5.553 
 5.91 
 6.274 
 6.63 
 6.9 
 7.357 
 7.717 
 8.075 
 8.445 
 8.812 
 9.18 
 9.548 
 9.912 
 10.275 
 10.647 
 11.013 
 11.378 
 11.744 
 12.115 
 12.481 
 12.841 
 13.204 
 13.608 
 13.972 
 14.336 
 14.7 
 15.007 
 15.371 
 15.733 
 16.096 
 16.458 
 16.82 
 17.182 
 17.545 
 17.905 
 18.198 
 18.559 
 18.995 
 19.357 
 19.716 
 20.078 
 20.44 
 20.804 
 21.166 
 21.528 
 21.93 
 22.252 
 22.616 
 22.979 
 23.341 
 23.704 
 24.067 
 24.423 
 24.786 
 25.159 
 25.53 
 25.897 
 26.266 
 26.636 
 27.006 
 27.376 
 27.721 
 28.091 
 28.461 
 28.815 
 29.153 
 29.545 
 29.907 
 30.265 
 30.65 
 31.014 
 31.38 
 31.745 
 32.115 
 32.482 
 32.848 
 33.214 
 33.605 
 33.95 
 34.316 
 34.726 
 35.104 
 35.476 
 35.851 
 36.295 
 36.912 
 37.323 
 37.629 
 37.986 
 38.37 
 38.698 
 39.055 
 39.412 
 39.769 
 40.114 
 40.464 
 40.814 
 41.162 
 42.218 
 42.568 
 43.267 
 43.616 
 44.312 
 44.66 
 45.701 
 46.052 
 46.746 
 46.952 
 47.438 
 48.13 
 48.483 
 48.833 
 49.182 
 49.534 
 49.879 
 50.227 
 50.637 
 50.928 
 51.281 
 51.631 
 51.981 
 52.331 
 52.921 
 53.373 
 53.774 
 54.076 
 54.425 
 54.774 
 55.121 
 55.82 
 56.359 
 56.865 
 57.559 
 58.251 
 58.601 
 58.949 
 59.641 
