 0.007 
 0.198 
 0.281 
 2.544 
 3.42 
 4.256 
 5.896 
 6.582 
 6.709 
 7.522 
 7.896 
 8.635 
 8.67 
 8.97 
 9.925 
 10.444 
 10.854 
 11.318 
 11.81 
 12.236 
 12.681 
 13.136 
 13.586 
 14.341 
 15.104 
 15.433 
 15.508 
 16.711 
 17.257 
 17.694 
 18.186 
 18.759 
 19.278 
 19.977 
 20.38 
 20.764 
 21.225 
 21.657 
 22.111 
 22.554 
 23.209 
 23.658 
 24.406 
 24.805 
 25.856 
 26.364 
 27.457 
 28.243 
 30.024 
 32.022 
 32.472 
 33.883 
 34.382 
 35.514 
 35.568 
 36.248 
 36.743 
 37.144 
 37.592 
 38.27 
 38.742 
 39.199 
 39.879 
 42.82 
 43.344 
 43.438 
 43.863 
 44.27 
 44.994 
 45.082 
 47.515 
 48.88 
 49.52 
 50.323 
 50.476 
 51.146 
 51.973 
 52.475 
 52.678 
 53.058 
 53.669 
 53.744 
 54.089 
 54.427 
 54.909 
 55.92 
 56.537 
 56.935 
 57.332 
 57.788 
 58.173 
 58.509 
 59.083 
 59.314 
 59.93 
