 0.083 
 0.264 
 0.526 
 0.975 
 1.418 
 1.863 
 2.304 
 2.748 
 3.181 
 3.546 
 3.867 
 4.297 
 4.918 
 5.208 
 5.785 
 6.288 
 6.668 
 7.073 
 7.502 
 7.929 
 8.419 
 8.847 
 9.213 
 9.593 
 10.102 
 10.54 
 10.83 
 11.423 
 11.87 
 12.354 
 12.758 
 13.224 
 13.657 
 14.109 
 14.56 
 15.013 
 15.398 
 15.923 
 16.375 
 16.833 
 17.3 
 17.759 
 18.557 
 19.141 
 19.6 
 20.509 
 20.961 
 21.338 
 21.794 
 22.361 
 22.552 
 23.24 
 23.612 
 24.082 
 24.481 
 24.912 
 25.346 
 25.778 
 26.212 
 26.557 
 27.106 
 27.539 
 27.989 
 28.43 
 28.876 
 29.33 
 29.798 
 30.214 
 30.66 
 31.441 
 31.465 
 31.981 
 32.419 
 32.854 
 33.287 
 33.724 
 34.153 
 34.582 
 35.019 
 35.596 
 35.965 
 36.365 
 36.726 
 37.224 
 37.671 
 38.067 
 38.565 
 39.011 
 39.468 
 39.92 
 40.375 
 40.833 
 41.31 
 41.74 
 42.189 
 42.641 
 43.095 
 43.575 
 43.991 
 44.444 
 44.89 
 45.217 
 45.781 
 46.227 
 46.67 
 47.113 
 47.558 
 47.994 
 48.434 
 48.876 
 49.321 
 49.759 
 50.199 
 50.548 
 50.86 
 51.527 
 51.897 
 52.408 
 52.848 
 53.286 
 53.771 
 54.153 
 54.584 
 54.907 
 55.436 
 55.859 
 56.282 
 56.775 
 57.122 
 57.54 
 57.992 
 58.427 
 58.854 
 59.224 
 59.658 
