 0.213 
 0.393 
 0.6 
 0.993 
 1.385 
 1.776 
 2.168 
 2.552 
 2.942 
 3.402 
 3.717 
 4.078 
 4.586 
 4.912 
 5.304 
 5.68 
 6.084 
 6.475 
 6.864 
 7.251 
 7.637 
 8.025 
 8.411 
 8.796 
 9.179 
 9.565 
 9.95 
 10.332 
 10.715 
 11.094 
 11.424 
 11.862 
 12.243 
 12.625 
 13.081 
 13.384 
 13.767 
 14.15 
 14.532 
 14.911 
 15.291 
 15.671 
 16.045 
 16.427 
 16.811 
 17.19 
 17.57 
 18.099 
 18.329 
 18.708 
 19.088 
 19.466 
 19.844 
 20.224 
 20.603 
 20.982 
 21.359 
 21.736 
 22.112 
 22.438 
 22.868 
 23.244 
 23.621 
 24.184 
 24.372 
 24.748 
 25.085 
 25.442 
 25.873 
 26.248 
 26.622 
 26.996 
 27.371 
 27.743 
 28.117 
 28.489 
 28.864 
 29.236 
 29.61 
 29.982 
 30.264 
 30.729 
 31.103 
 31.476 
 31.85 
 32.224 
 32.598 
 32.971 
 33.345 
 33.719 
 34.093 
 34.503 
 34.842 
 35.216 
 35.622 
 35.965 
 36.34 
 36.714 
 37.061 
 37.464 
 37.841 
 38.215 
 38.591 
 38.968 
 39.344 
 39.721 
 40.099 
 40.477 
 40.857 
 41.236 
 41.615 
 41.997 
 42.378 
 42.76 
 43.143 
 43.526 
 43.908 
 44.29 
 44.676 
 45.059 
 45.441 
 45.823 
 46.203 
 46.586 
 46.966 
 47.348 
 47.731 
 48.115 
 48.498 
 48.88 
 49.265 
 49.556 
 50.033 
 50.412 
 50.803 
 51.187 
 51.571 
 51.956 
 52.338 
 52.721 
 53.104 
 53.486 
 53.868 
 54.25 
 54.632 
 55.012 
 55.394 
 55.776 
 56.156 
 56.537 
 56.92 
 57.302 
 57.685 
 58.067 
 58.394 
 58.832 
