 0.375 
 0.75 
 1.047 
 1.497 
 1.651 
 2.241 
 2.614 
 3.026 
 3.357 
 3.75 
 4.117 
 4.497 
 5.029 
 5.675 
 6.131 
 6.625 
 7.271 
 8.073 
 8.831 
 9.274 
 11.351 
 12.043 
 12.083 
 12.193 
 12.957 
 13.05 
 13.573 
 13.619 
 13.893 
 14.739 
 14.783 
 14.897 
 15.397 
 16.091 
 16.219 
 16.407 
 16.647 
 17.195 
 17.68 
 17.708 
 18.069 
 18.711 
 19.134 
 19.759 
 20.189 
 21.055 
 21.929 
 22.295 
 22.307 
 22.807 
 23.24 
 23.613 
 24.016 
 24.553 
 24.897 
 25.285 
 25.675 
 26.141 
 26.53 
 26.837 
 27.226 
 27.615 
 28.027 
 28.416 
 28.869 
 29.27 
 29.582 
 29.977 
 30.619 
 31.261 
 31.331 
 31.87 
 32.163 
 32.579 
 33.007 
 33.429 
 34.123 
 34.548 
 34.987 
 35.416 
 35.981 
 36.063 
 36.383 
 36.669 
 36.694 
 37.117 
 37.541 
 37.967 
 38.305 
 38.917 
 39.269 
 39.658 
 40.141 
 40.491 
 41.022 
 41.263 
 41.911 
 42.352 
 42.799 
 43.243 
 43.901 
 44.346 
 44.845 
 45.444 
 45.885 
 46.357 
 46.759 
 47.519 
 48.299 
 48.489 
 48.807 
 49.355 
 49.788 
 50.221 
 50.653 
 51.085 
 51.518 
 51.937 
 52.361 
 52.895 
 53.203 
 53.621 
 54.042 
 54.45 
 54.863 
 55.529 
 56.111 
 56.737 
 57.399 
 57.551 
 58.017 
 58.595 
 59.351 
 59.707 
 59.843 
