 0.058 
 0.118 
 0.359 
 0.41 
 1.172 
 1.789 
 2.214 
 2.735 
 3.415 
 3.52 
 4.133 
 4.406 
 5.216 
 5.659 
 6.187 
 6.835 
 7.062 
 7.441 
 8.043 
 8.443 
 8.832 
 9.245 
 9.646 
 10.045 
 10.446 
 10.847 
 11.243 
 11.643 
 12.044 
 12.366 
 12.841 
 13.391 
 13.829 
 14.423 
 15.276 
 15.66 
 16.474 
 16.599 
 17.283 
 18.094 
 18.504 
 19.326 
 20.174 
 20.569 
 21.022 
 21.452 
 21.879 
 22.195 
 22.738 
 23.171 
 23.601 
 24.213 
 24.515 
 24.839 
 25.354 
 25.774 
 26.232 
 26.675 
 27.079 
 27.563 
 28.15 
 28.456 
 28.896 
 29.336 
 29.776 
 30.216 
 30.653 
 31.089 
 31.528 
 31.966 
 32.393 
 32.826 
 33.262 
 33.686 
 34.191 
 34.544 
 34.964 
 35.633 
 35.683 
 36.155 
 36.677 
 37.143 
 37.484 
 37.962 
 38.596 
 38.811 
 39.502 
 39.629 
 40.085 
 40.423 
 40.939 
 41.375 
 41.804 
 42.488 
 42.735 
 43.092 
 43.406 
 43.523 
 43.982 
 44.363 
 44.815 
 45.249 
 45.692 
 46.113 
 46.545 
 46.974 
 47.404 
 47.839 
 48.271 
 48.702 
 49.134 
 49.563 
 49.999 
 50.43 
 50.862 
 51.294 
 51.709 
 52.14 
 52.508 
 52.91 
 53.396 
 53.812 
 54.273 
 54.708 
 55.143 
 55.578 
 56.019 
 56.463 
 56.878 
 57.384 
 57.986 
 58.671 
 58.974 
 59.127 
 59.561 
