 0.156 
 0.68 
 1.118 
 1.555 
 1.985 
 2.413 
 2.841 
 3.267 
 3.693 
 4.124 
 4.515 
 4.853 
 5.262 
 5.826 
 6.226 
 6.729 
 7.185 
 7.576 
 7.998 
 8.437 
 8.786 
 9.178 
 9.5 
 9.87 
 10.203 
 10.555 
 10.637 
 10.989 
 11.425 
 11.816 
 12.294 
 12.728 
 13.171 
 13.61 
 14.14 
 14.167 
 14.687 
 15.166 
 15.819 
 16.264 
 16.661 
 17.123 
 17.606 
 18.052 
 18.487 
 18.877 
 19.226 
 19.574 
 19.944 
 20.247 
 20.694 
 21.018 
 21.036 
 22.209 
 22.792 
 22.908 
 22.957 
 23.349 
 23.745 
 24.243 
 24.685 
 25.13 
 25.529 
 25.972 
 26.458 
 26.857 
 27.278 
 27.754 
 28.243 
 28.581 
 29.133 
 29.532 
 30.016 
 30.417 
 30.822 
 31.339 
 31.776 
 32.197 
 32.589 
 32.942 
 33.348 
 33.853 
 34.412 
 34.868 
 35.372 
 35.815 
 36.266 
 36.976 
 37.162 
 37.605 
 38.216 
 38.743 
 39.381 
 39.828 
 40.195 
 40.655 
 41.175 
 41.622 
 42.021 
 42.474 
 42.924 
 43.437 
 43.885 
 44.357 
 44.76 
 45.28 
 45.633 
 46.146 
 46.644 
 47.146 
 47.544 
 48.044 
 48.444 
 48.902 
 49.331 
 49.774 
 50.169 
 50.709 
 51.145 
 51.609 
 52.053 
 52.507 
 52.943 
 53.388 
 53.846 
 54.288 
 54.833 
 55.284 
 55.632 
 56.078 
 56.461 
 56.969 
 57.075 
 57.666 
 58.112 
 58.7 
 59.194 
 59.705 
