 0.293 
 0.735 
 1.615 
 2.405 
 2.495 
 2.85 
 2.936 
 3.812 
 4.516 
 4.733 
 5.195 
 6.55 
 6.813 
 7.437 
 8.308 
 9.163 
 9.59 
 10.018 
 10.858 
 11.279 
 11.7 
 12.124 
 12.546 
 12.949 
 13.37 
 13.771 
 14.219 
 14.587 
 14.999 
 15.42 
 15.836 
 16.449 
 16.735 
 17.175 
 17.61 
 18.048 
 18.498 
 18.952 
 19.403 
 19.854 
 20.308 
 20.757 
 21.206 
 21.891 
 22.438 
 22.979 
 23.419 
 23.873 
 24.319 
 24.715 
 25.24 
 25.692 
 26.141 
 26.688 
 27.044 
 27.501 
 27.962 
 28.51 
 28.969 
 29.525 
 30.232 
 30.681 
 31.132 
 31.587 
 32.036 
 32.622 
 32.935 
 33.823 
 34.34 
 34.705 
 35.078 
 35.574 
 36.008 
 36.446 
 37.024 
 37.31 
 37.793 
 38.179 
 38.613 
 39.069 
 39.514 
 39.95 
 40.39 
 40.831 
 41.223 
 41.704 
 42.139 
 42.569 
 43.049 
 43.424 
 43.845 
 44.581 
 45.099 
 45.512 
 45.926 
 46.339 
 46.751 
 47.163 
 47.576 
 47.988 
 48.477 
 48.821 
 49.235 
 49.65 
 50.064 
 50.479 
 50.901 
 51.343 
 51.74 
 52.161 
 52.586 
 53.008 
 53.438 
 53.871 
 54.301 
 54.731 
 55.169 
 55.606 
 56.045 
 56.488 
 56.932 
 57.396 
 57.871 
 58.336 
 58.793 
 59.248 
 59.704 
