 0.01 
 0.449 
 1.329 
 1.821 
 1.891 
 2.643 
 3.021 
 3.524 
 3.967 
 4.44 
 4.812 
 5.286 
 5.729 
 6.166 
 6.611 
 7.047 
 7.383 
 7.93 
 8.38 
 8.82 
 9.269 
 9.712 
 10.219 
 10.601 
 11.051 
 11.499 
 11.822 
 12.382 
 12.824 
 13.266 
 13.702 
 14.144 
 14.578 
 15.018 
 15.451 
 15.893 
 16.329 
 16.769 
 17.208 
 17.648 
 18.088 
 18.526 
 18.967 
 19.403 
 19.846 
 20.283 
 20.722 
 21.156 
 21.59 
 22.026 
 22.455 
 23.151 
 23.212 
 23.748 
 24.179 
 24.606 
 25.033 
 25.462 
 25.89 
 26.301 
 26.983 
 27.02 
 27.555 
 28.028 
 28.532 
 29.214 
 29.622 
 30.034 
 30.444 
 30.855 
 31.259 
 31.664 
 32.071 
 32.475 
 32.88 
 33.291 
 33.699 
 34.11 
 34.52 
 34.938 
 35.352 
 35.773 
 36.194 
 36.621 
 37.042 
 37.474 
 37.9 
 38.282 
 38.706 
 39.325 
 40.059 
 40.708 
 40.853 
 40.926 
 41.357 
 41.521 
 41.594 
 42.044 
 42.067 
 42.225 
 42.317 
 42.659 
 43.094 
 43.529 
 43.966 
 44.366 
 44.835 
 45.275 
 45.712 
 46.149 
 46.817 
 47.464 
 47.903 
 48.78 
 49.172 
 49.589 
 49.906 
 50.31 
 50.899 
 50.973 
 51.413 
 51.848 
 52.286 
 52.744 
 53.167 
 53.6 
 53.916 
 54.344 
 54.926 
 55.367 
 55.803 
 56.193 
 56.681 
 57.119 
 57.56 
 57.999 
 58.436 
 58.878 
 59.315 
 59.758 
