 0.122 
 0.47 
 0.866 
 1.263 
 1.799 
 2.057 
 2.465 
 2.868 
 3.296 
 3.712 
 4.126 
 4.54 
 4.959 
 5.385 
 5.809 
 6.233 
 6.679 
 7.023 
 7.581 
 8.054 
 8.522 
 8.989 
 9.452 
 9.912 
 10.377 
 10.814 
 11.261 
 11.704 
 12.058 
 12.591 
 13.057 
 13.512 
 13.955 
 14.41 
 14.858 
 15.302 
 15.745 
 16.18 
 16.614 
 17.057 
 17.487 
 17.922 
 18.363 
 18.801 
 19.285 
 19.668 
 20.105 
 20.542 
 20.979 
 21.423 
 21.872 
 22.312 
 22.769 
 23.217 
 23.663 
 24.126 
 24.57 
 24.961 
 25.496 
 25.95 
 26.432 
 26.883 
 27.326 
 27.85 
 28.645 
 29.078 
 29.511 
 29.951 
 30.409 
 30.865 
 31.312 
 31.749 
 32.181 
 32.604 
 33.019 
 33.446 
 33.843 
 34.268 
 34.704 
 35.13 
 35.552 
 35.974 
 36.398 
 36.812 
 37.234 
 37.67 
 38.042 
 38.46 
 38.956 
 39.384 
 39.825 
 40.267 
 40.708 
 41.149 
 41.586 
 42.259 
 42.441 
 42.86 
 43.279 
 43.696 
 44.114 
 44.516 
 44.934 
 45.32 
 45.719 
 46.114 
 46.506 
 46.894 
 47.281 
 47.665 
 48.198 
 48.288 
 48.73 
 49.175 
 49.547 
 49.92 
 50.29 
 50.657 
 51.024 
 51.389 
 51.754 
 52.116 
 52.479 
 52.84 
 53.231 
 53.56 
 53.915 
 54.271 
 54.626 
 54.976 
 55.327 
 55.678 
 56.029 
 56.38 
 56.731 
 57.085 
 57.445 
 57.816 
 58.173 
 58.603 
 58.968 
 59.448 
 59.974 
