 1.192 
 1.255 
 2.024 
 2.63 
 2.731 
 3.489 
 3.79 
 4.24 
 4.643 
 5.07 
 5.63 
 6.071 
 6.786 
 7.156 
 7.593 
 8.032 
 8.688 
 8.76 
 9.164 
 9.467 
 9.82 
 10.198 
 10.564 
 10.924 
 11.357 
 11.887 
 12.286 
 12.702 
 13.209 
 13.67 
 14.168 
 14.623 
 15.102 
 15.572 
 16.235 
 16.71 
 17.368 
 17.438 
 17.712 
 18.075 
 18.495 
 19.125 
 19.516 
 19.85 
 20.274 
 20.682 
 21.077 
 21.39 
 21.775 
 22.165 
 22.69 
 23.078 
 23.455 
 23.843 
 24.231 
 24.771 
 24.792 
 25.533 
 25.846 
 26.367 
 26.917 
 27.343 
 27.829 
 28.261 
 28.664 
 28.973 
 29.584 
 30.026 
 30.588 
 31.13 
 31.633 
 32.181 
 32.633 
 33.077 
 33.57 
 33.959 
 34.415 
 34.865 
 35.237 
 35.656 
 36.09 
 36.452 
 36.848 
 37.185 
 37.659 
 37.997 
 38.6 
 39.171 
 39.694 
 40.491 
 40.916 
 41.381 
 41.79 
 42.235 
 42.586 
 42.974 
 43.376 
 43.667 
 44.036 
 44.468 
 44.879 
 45.53 
 45.926 
 46.334 
 47.039 
 47.45 
 47.915 
 48.501 
 48.948 
 49.404 
 49.77 
 50.44 
 51.131 
 51.526 
 52.058 
 52.532 
 53.014 
 53.37 
 53.79 
 54.164 
 54.453 
 54.916 
 55.603 
 55.673 
 56.758 
 57.098 
 57.47 
 58.045 
 58.565 
 59.308 
