 1.092 
 1.641 
 2.087 
 2.536 
 2.984 
 3.435 
 3.879 
 4.337 
 4.78 
 5.23 
 5.622 
 6.123 
 6.523 
 7.013 
 7.465 
 7.914 
 8.358 
 8.807 
 9.252 
 9.617 
 10.149 
 10.596 
 10.933 
 11.496 
 11.948 
 12.398 
 12.852 
 13.303 
 13.751 
 14.204 
 14.651 
 15.102 
 15.765 
 16.217 
 16.668 
 17.336 
 17.781 
 18.154 
 18.667 
 19.111 
 19.554 
 19.995 
 20.34 
 20.886 
 21.328 
 21.77 
 22.237 
 22.692 
 23.123 
 23.566 
 24.009 
 24.452 
 24.9 
 25.341 
 25.668 
 26.232 
 26.676 
 27.126 
 27.574 
 28.197 
 28.63 
 29.366 
 29.455 
 29.955 
 30.702 
 31.15 
 31.624 
 32.038 
 32.499 
 32.922 
 33.363 
 33.808 
 34.252 
 34.646 
 35.142 
 35.765 
 36.029 
 37.103 
 37.141 
 37.807 
 38.254 
 38.522 
 39.067 
 39.563 
 40.028 
 40.472 
 40.952 
 41.362 
 41.811 
 42.258 
 42.701 
 43.25 
 43.698 
 44.164 
 44.924 
 45.432 
 45.817 
 46.262 
 46.662 
 47.22 
 47.603 
 48.199 
 48.948 
 49.393 
 49.841 
 50.287 
 50.684 
 51.178 
 51.623 
 52.07 
 52.516 
 52.962 
 53.416 
 53.866 
 54.314 
 54.764 
 55.214 
 55.665 
 56.115 
 56.629 
 57.016 
 57.464 
 57.915 
 58.45 
 58.806 
 59.252 
 59.701 
 59.956 
