 0.109 
 0.243 
 0.334 
 2.024 
 2.062 
 2.576 
 7.285 
 8.363 
 8.375 
 11.335 
 11.643 
 13.304 
 13.765 
 14.58 
 14.711 
 14.75 
 15.169 
 15.914 
 16.245 
 16.643 
 17.113 
 17.761 
 17.9 
 21.878 
 23.577 
 23.855 
 23.956 
 24.003 
 24.107 
 25.958 
 26.24 
 26.382 
 26.827 
 27.19 
 28.658 
 28.696 
 29.032 
 29.519 
 29.93 
 30.304 
 30.984 
 31.066 
 32.213 
 32.74 
 33.863 
 34.605 
 35.206 
 36.517 
 37.4 
 37.583 
 37.939 
 38.703 
 39.491 
 39.636 
 39.898 
 40.431 
 40.472 
 41.181 
 41.578 
 42.043 
 42.675 
 43.224 
 43.817 
 45.151 
 45.23 
 46.871 
 47.209 
 49.315 
 51.156 
 51.534 
 53.983 
 54.876 
 55.724 
 56.121 
 57.858 
 58.713 
 59.986 
