 0.247 
 2.118 
 2.327 
 3.939 
 4.163 
 4.498 
 4.873 
 5.213 
 5.842 
 6.2 
 6.566 
 6.928 
 7.292 
 7.73 
 7.952 
 8.934 
 9.335 
 10.017 
 10.397 
 10.923 
 11.386 
 12.033 
 12.528 
 13.173 
 13.584 
 15.998 
 16.567 
 17.001 
 17.502 
 18.037 
 18.555 
 19.053 
 19.739 
 20.136 
 20.644 
 21.147 
 21.652 
 22.156 
 22.73 
 23.234 
 23.738 
 24.386 
 24.925 
 25.714 
 25.831 
 28.356 
 29.722 
 29.765 
 29.809 
 30.594 
 31.008 
 34.882 
 40.231 
 42.363 
 42.683 
 42.941 
 43.424 
 43.826 
 44.187 
 44.568 
 44.96 
 45.294 
 45.665 
 45.948 
 46.3 
 47.554 
 47.916 
 48.273 
 48.602 
 48.987 
 49.346 
 49.704 
 50.062 
 50.42 
 50.778 
 51.136 
 51.494 
 51.852 
 52.21 
 52.568 
 53.171 
 53.699 
 54.142 
 54.628 
 55.135 
 55.632 
 56.124 
 56.618 
 56.995 
 57.488 
 57.98 
 58.5 
 59.979 
