 0.675 
 0.75 
 1.115 
 1.55 
 1.981 
 2.41 
 2.834 
 3.264 
 3.675 
 4.091 
 4.505 
 4.813 
 5.328 
 5.743 
 6.153 
 6.566 
 6.978 
 7.39 
 7.795 
 8.203 
 8.608 
 9.012 
 9.416 
 9.816 
 10.216 
 10.615 
 11.012 
 11.41 
 11.808 
 12.205 
 12.602 
 12.909 
 13.405 
 13.813 
 14.225 
 14.647 
 15.074 
 15.508 
 15.932 
 16.404 
 16.866 
 17.335 
 17.81 
 18.156 
 18.789 
 19.286 
 19.78 
 20.268 
 20.764 
 21.227 
 21.694 
 22.152 
 22.606 
 23.058 
 23.505 
 23.95 
 24.309 
 24.841 
 25.296 
 25.754 
 26.208 
 26.672 
 27.144 
 27.608 
 28.068 
 28.525 
 28.979 
 29.429 
 29.876 
 30.322 
 30.766 
 31.209 
 31.651 
 32.092 
 32.534 
 32.974 
 33.328 
 33.865 
 34.29 
 34.765 
 35.217 
 35.673 
 36.134 
 36.595 
 37.056 
 37.518 
 37.98 
 38.446 
 38.911 
 39.377 
 39.845 
 40.311 
 40.776 
 41.242 
 41.702 
 42.167 
 42.632 
 43.098 
 43.565 
 44.037 
 44.505 
 44.971 
 45.423 
 45.885 
 46.348 
 46.805 
 47.264 
 47.722 
 48.178 
 48.636 
 49.095 
 49.556 
 50.014 
 50.477 
 50.937 
 51.399 
 51.865 
 52.329 
 52.79 
 53.249 
 53.708 
 54.167 
 54.623 
 55.077 
 55.528 
 55.978 
 56.427 
 56.878 
 57.23 
 57.68 
 58.13 
 58.566 
 59.009 
 59.436 
 59.868 
