 0.649 
 0.881 
 1.092 
 1.536 
 1.605 
 1.844 
 1.979 
 2.426 
 3.329 
 3.789 
 4.242 
 4.59 
 5.218 
 5.703 
 6.172 
 6.668 
 7.153 
 7.567 
 8.117 
 8.597 
 8.952 
 9.56 
 10.042 
 10.525 
 11.007 
 11.488 
 11.968 
 12.446 
 12.928 
 13.409 
 13.892 
 14.374 
 14.858 
 15.281 
 15.659 
 16.219 
 16.3 
 16.781 
 17.26 
 17.739 
 18.215 
 18.691 
 19.17 
 19.652 
 20.136 
 20.623 
 21.109 
 21.594 
 22.074 
 22.556 
 23.037 
 23.518 
 24.006 
 24.486 
 24.92 
 25.443 
 25.917 
 26.389 
 26.862 
 27.323 
 27.786 
 28.249 
 28.705 
 29.161 
 29.615 
 30.066 
 30.515 
 30.963 
 31.413 
 31.854 
 32.299 
 32.638 
 33.104 
 33.633 
 34.076 
 34.519 
 34.96 
 35.402 
 35.846 
 36.292 
 36.735 
 37.187 
 37.641 
 38.095 
 38.554 
 39.014 
 39.475 
 39.935 
 40.394 
 40.851 
 41.308 
 41.672 
 42.214 
 42.671 
 43.128 
 43.585 
 43.998 
 44.455 
 44.877 
 45.316 
 45.751 
 46.185 
 46.619 
 47.054 
 47.445 
 47.922 
 48.353 
 48.78 
 49.202 
 49.622 
 50.041 
 50.457 
 50.871 
 51.285 
 51.695 
 52.106 
 52.518 
 52.924 
 53.332 
 53.741 
 54.149 
 54.561 
 54.979 
 55.397 
 55.821 
 56.25 
 56.671 
 57.117 
 57.562 
 57.988 
 58.457 
 58.909 
 59.828 
