 0.207 
 0.685 
 1.162 
 1.637 
 2.588 
 3.062 
 3.535 
 4.004 
 4.476 
 4.943 
 5.414 
 5.882 
 6.355 
 6.827 
 7.298 
 7.774 
 8.246 
 8.724 
 9.2 
 9.673 
 10.145 
 10.618 
 11.092 
 11.565 
 12.031 
 12.504 
 12.977 
 13.441 
 13.909 
 14.375 
 14.841 
 15.31 
 15.777 
 16.245 
 16.713 
 17.178 
 17.645 
 18.113 
 18.58 
 19.044 
 19.512 
 19.981 
 20.456 
 20.924 
 21.408 
 21.88 
 22.361 
 22.838 
 23.314 
 23.79 
 24.264 
 24.735 
 25.21 
 25.684 
 26.158 
 26.611 
 27.078 
 27.547 
 28.013 
 28.483 
 28.951 
 29.422 
 29.892 
 30.362 
 30.832 
 31.299 
 31.77 
 32.239 
 32.711 
 33.179 
 33.649 
 34.044 
 34.595 
 35.065 
 35.54 
 36.012 
 36.494 
 36.972 
 37.451 
 37.928 
 38.404 
 38.881 
 39.358 
 39.825 
 40.299 
 40.77 
 41.243 
 41.715 
 42.098 
 42.844 
 43.667 
 44.541 
 44.687 
 45.01 
 45.478 
 45.944 
 46.338 
 46.751 
 47.114 
 47.518 
 47.829 
 48.305 
 48.781 
 49.259 
 49.735 
 50.213 
 50.693 
 51.17 
 51.647 
 52.125 
 52.6 
 53.077 
 53.553 
 54.03 
 54.507 
 54.983 
 55.46 
 55.936 
 56.411 
 56.885 
 57.358 
 57.83 
 58.3 
 58.772 
 59.235 
 59.704 
