 0.155 
 0.635 
 1.114 
 1.597 
 2.076 
 2.553 
 3.027 
 3.5 
 3.974 
 4.453 
 4.933 
 5.413 
 5.895 
 6.38 
 6.872 
 7.356 
 7.863 
 8.356 
 8.848 
 9.34 
 9.841 
 10.348 
 10.845 
 11.344 
 11.829 
 12.321 
 13.017 
 13.293 
 13.777 
 14.265 
 14.734 
 15.211 
 15.683 
 16.154 
 16.621 
 17.091 
 17.555 
 17.946 
 18.485 
 18.952 
 19.41 
 19.872 
 20.333 
 20.794 
 21.254 
 21.717 
 22.177 
 22.638 
 23.103 
 23.568 
 24.037 
 24.504 
 24.972 
 25.442 
 25.91 
 26.268 
 26.854 
 27.323 
 27.811 
 28.293 
 28.783 
 29.263 
 29.738 
 30.215 
 30.698 
 31.175 
 31.653 
 32.385 
 32.403 
 33.088 
 33.448 
 34.056 
 34.545 
 35.036 
 35.524 
 36.012 
 36.498 
 36.993 
 37.481 
 37.977 
 38.465 
 38.83 
 39.433 
 39.915 
 40.394 
 40.87 
 41.346 
 41.822 
 42.298 
 42.768 
 43.54 
 43.727 
 44.211 
 44.698 
 45.183 
 45.668 
 46.158 
 46.647 
 47.134 
 47.626 
 48.111 
 48.599 
 49.086 
 49.569 
 50.053 
 50.541 
 51.027 
 51.513 
 51.996 
 52.481 
 52.966 
 53.441 
 53.92 
 54.4 
 54.879 
 55.356 
 55.84 
 56.32 
 56.844 
 57.286 
 57.773 
 58.256 
 58.742 
 59.223 
