 0.392 
 1.361 
 1.795 
 2.08 
 4.846 
 5.701 
 5.88 
 7.308 
 8.816 
 9.339 
 9.971 
 10.271 
 10.578 
 11.181 
 11.436 
 12.228 
 12.684 
 13.39 
 14.09 
 14.528 
 14.688 
 15.19 
 15.958 
 16.292 
 16.902 
 18.675 
 19.773 
 22.575 
 22.947 
 23.007 
 23.698 
 24.23 
 24.682 
 25.174 
 25.686 
 26.188 
 26.685 
 27.184 
 27.759 
 28.26 
 28.76 
 29.26 
 29.76 
 30.26 
 30.691 
 31.191 
 31.691 
 32.191 
 32.691 
 33.191 
 33.691 
 34.191 
 34.691 
 35.191 
 35.691 
 36.191 
 36.691 
 37.191 
 38.013 
 38.835 
 44.626 
 45.027 
 45.309 
 47.064 
 48.501 
 48.525 
 48.568 
 50.864 
 52.551 
 58.659 
