 0.557 
 0.953 
 1.349 
 1.541 
 1.624 
 1.741 
 2.139 
 2.546 
 3.342 
 3.739 
 4.131 
 4.533 
 4.931 
 5.332 
 5.644 
 6.141 
 6.542 
 6.945 
 7.352 
 7.756 
 8.146 
 8.561 
 8.966 
 9.373 
 9.776 
 10.177 
 10.59 
 10.995 
 11.423 
 11.873 
 12.294 
 12.718 
 13.069 
 13.472 
 13.786 
 14.28 
 14.68 
 15.082 
 15.425 
 15.874 
 16.275 
 16.668 
 17.059 
 17.459 
 17.857 
 18.252 
 18.647 
 19.039 
 19.432 
 19.826 
 20.218 
 20.608 
 20.997 
 21.387 
 21.776 
 22.166 
 22.55 
 22.935 
 23.327 
 23.715 
 24.1 
 24.488 
 24.787 
 25.263 
 25.65 
 26.037 
 26.428 
 26.731 
 27.209 
 27.779 
 27.991 
 29.178 
 29.578 
 29.987 
 30.396 
 30.805 
 31.211 
 31.62 
 32.038 
 32.453 
 32.865 
 33.278 
 33.687 
 34.094 
 34.505 
 34.912 
 35.314 
 35.721 
 36.128 
 36.512 
 36.819 
 37.302 
 37.696 
 38.086 
 38.476 
 38.863 
 39.249 
 39.634 
 40.02 
 40.403 
 40.788 
 41.17 
 41.554 
 41.938 
 42.32 
 42.702 
 43.085 
 43.468 
 44.094 
 44.231 
 44.993 
 45.372 
 45.749 
 46.127 
 46.504 
 46.872 
 47.256 
 47.634 
 48.005 
 48.381 
 48.757 
 49.135 
 49.511 
 49.891 
 50.272 
 50.655 
 51.037 
 51.418 
 51.803 
 52.186 
 52.575 
 52.964 
 53.35 
 53.736 
 54.123 
 54.51 
 54.898 
 55.285 
 55.679 
 56.071 
 56.47 
 56.878 
 57.274 
 57.697 
 58.116 
 58.53 
 58.959 
 59.388 
 59.82 
