 0.024 
 0.486 
 0.973 
 1.222 
 1.435 
 1.797 
 2.241 
 2.648 
 2.954 
 3.567 
 3.992 
 4.455 
 4.891 
 5.27 
 5.634 
 6.176 
 6.584 
 7.02 
 7.442 
 7.871 
 8.272 
 8.687 
 9.106 
 9.555 
 10.012 
 10.415 
 10.776 
 11.232 
 11.593 
 12.039 
 12.462 
 12.882 
 13.306 
 13.731 
 14.218 
 14.642 
 15.004 
 15.437 
 15.862 
 16.285 
 16.71 
 17.127 
 17.551 
 18.027 
 18.396 
 18.816 
 19.293 
 19.689 
 20.097 
 20.554 
 20.976 
 21.391 
 21.826 
 22.247 
 22.668 
 23.09 
 23.578 
 23.973 
 24.356 
 24.779 
 25.188 
 25.59 
 26.054 
 26.478 
 26.86 
 27.331 
 27.757 
 28.188 
 28.618 
 29.04 
 29.466 
 29.894 
 30.503 
 30.801 
 31.393 
 32.027 
 32.485 
 32.963 
 33.383 
 33.821 
 34.498 
 34.651 
 35.077 
 35.509 
 35.932 
 36.354 
 36.725 
 37.192 
 37.615 
 38.036 
 38.506 
 39.188 
 39.24 
 39.843 
 40.602 
 41.069 
 41.462 
 41.89 
 42.315 
 42.795 
 43.164 
 43.622 
 44.014 
 44.417 
 44.814 
 45.286 
 45.684 
 46.084 
 46.563 
 46.999 
 47.417 
 47.828 
 48.244 
 48.661 
 49.074 
 49.514 
 50.091 
 50.719 
 51.384 
 51.43 
 51.548 
 51.956 
 52.791 
 53.206 
 53.618 
 54.039 
 54.458 
 55.143 
 55.172 
 55.795 
 56.556 
 57.03 
 57.827 
 58.282 
 58.712 
 59.105 
 59.531 
