 0.139 
 0.543 
 0.655 
 1.225 
 1.558 
 1.944 
 2.304 
 2.655 
 3.01 
 3.352 
 3.955 
 4.171 
 4.776 
 5.083 
 5.451 
 6.192 
 7.013 
 7.568 
 7.763 
 8.395 
 8.84 
 9.657 
 10.175 
 10.446 
 11.049 
 11.573 
 12.45 
 12.863 
 13.171 
 13.821 
 14.172 
 14.613 
 14.909 
 15.583 
 15.979 
 16.308 
 16.925 
 17.297 
 17.696 
 18.179 
 18.884 
 19.325 
 19.938 
 20.419 
 21.155 
 21.994 
 22.097 
 22.551 
 22.99 
 23.311 
 23.691 
 24.035 
 24.397 
 24.75 
 25.085 
 25.294 
 25.475 
 25.606 
 25.857 
 26.382 
 27.197 
 27.456 
 28.0 
 28.419 
 28.904 
 29.229 
 29.695 
 30.041 
 30.447 
 30.823 
 31.374 
 31.695 
 32.086 
 32.523 
 32.935 
 33.373 
 33.912 
 34.35 
 34.788 
 35.415 
 35.831 
 36.264 
 36.7 
 37.14 
 37.574 
 38.004 
 38.439 
 38.959 
 39.468 
 40.187 
 40.298 
 40.866 
 41.558 
 41.87 
 42.31 
 42.705 
 43.199 
 43.778 
 44.58 
 44.642 
 45.212 
 45.743 
 46.294 
 46.835 
 47.32 
 47.781 
 48.358 
 49.012 
 49.053 
 49.809 
 50.22 
 50.752 
 51.463 
 51.921 
 52.292 
 52.787 
 53.39 
 54.149 
 54.71 
 54.915 
 55.247 
 55.755 
 56.171 
 56.647 
 57.171 
 57.853 
 58.112 
 58.605 
 59.138 
 59.609 
 60.0 
