 0.576 
 0.897 
 1.237 
 2.017 
 2.382 
 2.75 
 3.116 
 3.469 
 3.834 
 4.139 
 4.498 
 4.783 
 5.433 
 6.088 
 6.782 
 7.461 
 8.107 
 8.731 
 9.388 
 9.618 
 10.111 
 10.842 
 11.547 
 12.209 
 12.834 
 13.444 
 14.062 
 14.713 
 14.867 
 15.381 
 16.042 
 16.086 
 16.693 
 17.412 
 18.183 
 18.396 
 18.92 
 19.606 
 20.253 
 20.874 
 21.509 
 22.145 
 22.768 
 23.377 
 23.98 
 24.575 
 25.19 
 25.866 
 26.597 
 27.296 
 27.956 
 28.588 
 29.345 
 29.887 
 30.547 
 31.178 
 31.797 
 32.407 
 33.037 
 33.702 
 34.358 
 34.996 
 35.643 
 36.33 
 37.042 
 37.741 
 37.88 
 38.398 
 39.026 
 39.653 
 40.294 
 40.912 
 41.242 
 41.639 
 42.291 
 42.665 
 43.05 
 43.601 
 44.278 
 44.693 
 45.22 
 45.636 
 46.075 
 46.429 
 46.931 
 47.601 
 48.311 
 49.033 
 49.393 
 49.728 
 50.379 
 51.011 
 51.675 
 52.369 
 53.085 
 53.781 
 54.435 
 55.069 
 55.736 
 56.494 
 57.199 
 57.882 
 58.547 
 59.241 
 59.943 
