 0.233 
 0.657 
 1.077 
 1.242 
 1.496 
 1.905 
 2.308 
 2.708 
 3.073 
 3.498 
 3.888 
 4.274 
 4.659 
 5.038 
 5.418 
 5.795 
 6.17 
 6.544 
 6.918 
 7.29 
 7.662 
 8.032 
 8.403 
 8.931 
 9.108 
 9.877 
 10.244 
 10.61 
 10.979 
 11.347 
 11.714 
 12.084 
 12.451 
 12.819 
 13.186 
 13.555 
 13.923 
 14.291 
 14.66 
 15.029 
 15.397 
 15.766 
 16.053 
 16.422 
 16.875 
 17.244 
 17.615 
 17.987 
 18.356 
 18.731 
 19.106 
 19.439 
 19.866 
 20.252 
 20.632 
 21.021 
 21.406 
 21.812 
 22.176 
 22.566 
 22.929 
 23.344 
 23.733 
 24.122 
 24.525 
 24.921 
 25.324 
 25.729 
 26.088 
 26.488 
 26.952 
 27.361 
 27.768 
 28.175 
 28.586 
 28.998 
 29.406 
 29.817 
 30.209 
 30.639 
 31.046 
 31.45 
 31.85 
 32.256 
 32.661 
 33.05 
 33.448 
 33.848 
 34.245 
 34.641 
 35.038 
 35.436 
 35.833 
 36.23 
 36.625 
 37.019 
 37.417 
 37.813 
 38.21 
 38.606 
 39.002 
 39.393 
 39.784 
 40.177 
 40.569 
 40.96 
 41.351 
 41.743 
 42.13 
 42.52 
 42.911 
 43.301 
 43.691 
 44.086 
 44.44 
 44.87 
 45.269 
 45.662 
 46.059 
 46.456 
 46.852 
 47.248 
 47.646 
 48.042 
 48.469 
 48.836 
 49.15 
 49.636 
 50.036 
 50.42 
 50.838 
 51.238 
 51.642 
 52.043 
 52.446 
 52.843 
 53.242 
 53.637 
 54.144 
 54.437 
 54.842 
 55.256 
 55.644 
 56.081 
 56.469 
 56.907 
 57.32 
 57.745 
 58.147 
 58.559 
 58.969 
 59.374 
 59.725 
