 0.1 
 0.841 
 1.695 
 2.121 
 2.532 
 3.244 
 3.803 
 4.225 
 4.641 
 5.054 
 5.473 
 5.89 
 6.315 
 6.729 
 7.14 
 7.559 
 7.987 
 8.41 
 8.828 
 9.249 
 9.671 
 10.096 
 10.52 
 10.943 
 11.366 
 11.79 
 12.232 
 12.66 
 13.166 
 13.703 
 14.222 
 14.593 
 15.302 
 15.803 
 16.288 
 16.755 
 17.213 
 17.667 
 18.13 
 18.568 
 19.015 
 19.461 
 19.905 
 20.35 
 20.78 
 21.221 
 21.66 
 22.099 
 22.532 
 22.964 
 23.397 
 23.827 
 24.255 
 24.681 
 25.105 
 25.526 
 25.948 
 26.365 
 26.78 
 27.197 
 27.726 
 28.029 
 28.442 
 28.862 
 29.275 
 29.689 
 30.107 
 30.552 
 30.992 
 31.423 
 31.763 
 32.288 
 32.73 
 33.19 
 33.67 
 34.142 
 34.604 
 35.052 
 35.519 
 35.943 
 36.393 
 36.842 
 37.28 
 37.719 
 38.162 
 38.593 
 39.035 
 39.474 
 39.803 
 40.351 
 40.787 
 41.217 
 41.65 
 42.072 
 42.504 
 42.92 
 43.343 
 43.763 
 44.181 
 44.6 
 45.014 
 45.426 
 46.119 
 46.249 
 46.66 
 47.07 
 47.479 
 47.888 
 48.298 
 48.703 
 49.114 
 49.527 
 49.938 
 50.345 
 50.756 
 51.163 
 51.571 
 51.941 
 52.382 
 52.79 
 53.193 
 53.595 
 53.997 
 54.402 
 54.808 
 55.215 
 55.62 
 56.026 
 56.432 
 56.835 
 57.241 
 57.644 
 58.047 
 59.142 
