 4.076 
 5.218 
 5.95 
 6.816 
 7.993 
 8.444 
 8.47 
 9.72 
 10.079 
 10.484 
 10.949 
 11.325 
 11.778 
 12.207 
 12.617 
 13.013 
 13.365 
 13.771 
 14.172 
 14.604 
 15.008 
 15.413 
 15.839 
 16.208 
 16.604 
 17.0 
 17.432 
 17.775 
 18.171 
 18.567 
 18.963 
 19.359 
 19.743 
 20.139 
 20.619 
 20.997 
 21.31 
 21.702 
 22.087 
 22.491 
 22.961 
 23.374 
 23.782 
 24.252 
 24.664 
 25.043 
 25.453 
 25.844 
 26.317 
 26.635 
 27.139 
 27.571 
 28.314 
 28.782 
 29.152 
 29.905 
 30.301 
 30.708 
 31.142 
 31.506 
 31.947 
 32.288 
 32.699 
 33.149 
 33.516 
 33.95 
 34.319 
 34.669 
 35.151 
 35.552 
 35.936 
 36.337 
 36.725 
 37.086 
 37.512 
 37.906 
 38.297 
 38.655 
 39.048 
 39.433 
 39.82 
 40.241 
 40.591 
 40.988 
 41.438 
 41.797 
 42.119 
 42.607 
 43.012 
 43.33 
 43.73 
 44.16 
 44.563 
 44.964 
 45.368 
 45.74 
 46.146 
 46.559 
 47.009 
 47.392 
 47.845 
 48.276 
 48.672 
 49.107 
 49.54 
 49.993 
 50.35 
 50.84 
 51.183 
 51.588 
 52.095 
 52.461 
 52.846 
 53.241 
 53.693 
 54.137 
 54.554 
 54.984 
 55.421 
 55.873 
 56.515 
 56.96 
 57.31 
 58.07 
 58.511 
 59.279 
 59.686 
