 0.042 
 0.859 
 1.27 
 1.679 
 2.097 
 2.512 
 2.951 
 3.369 
 3.791 
 4.208 
 4.64 
 4.998 
 5.418 
 5.757 
 6.345 
 6.46 
 6.958 
 7.606 
 8.442 
 8.856 
 9.27 
 9.688 
 10.104 
 10.519 
 10.977 
 11.4 
 11.79 
 12.138 
 12.544 
 13.103 
 13.146 
 13.59 
 13.95 
 14.607 
 14.692 
 15.16 
 15.659 
 16.142 
 16.519 
 16.948 
 17.404 
 17.793 
 18.225 
 18.65 
 19.075 
 19.432 
 20.08 
 20.788 
 21.124 
 21.838 
 22.116 
 22.658 
 22.933 
 23.448 
 23.618 
 23.915 
 24.371 
 24.816 
 25.21 
 25.703 
 26.139 
 26.6 
 27.087 
 27.563 
 28.014 
 28.471 
 28.928 
 29.374 
 29.787 
 30.267 
 30.708 
 31.116 
 31.608 
 32.257 
 32.486 
 32.982 
 33.614 
 34.233 
 34.661 
 35.089 
 35.95 
 36.391 
 36.751 
 37.252 
 37.887 
 37.946 
 38.596 
 39.034 
 39.466 
 39.866 
 40.344 
 40.786 
 41.225 
 41.666 
 42.108 
 42.559 
 43.003 
 43.344 
 43.892 
 44.228 
 44.802 
 45.479 
 45.528 
 46.143 
 46.335 
 47.023 
 47.458 
 47.844 
 48.321 
 48.747 
 49.17 
 49.589 
 49.917 
 50.428 
 50.843 
 51.255 
 51.668 
 52.077 
 52.489 
 52.901 
 53.301 
 53.704 
 54.112 
 54.472 
 54.902 
 55.592 
 56.092 
 56.486 
 57.054 
 57.65 
 58.037 
 58.419 
 58.803 
 59.188 
 59.565 
 59.988 
