 0.169 
 1.043 
 1.462 
 1.832 
 2.267 
 2.719 
 3.098 
 3.422 
 3.971 
 4.406 
 4.804 
 5.122 
 5.538 
 6.05 
 6.315 
 6.682 
 7.209 
 7.715 
 8.097 
 8.547 
 8.892 
 9.308 
 9.805 
 10.186 
 10.671 
 10.997 
 11.487 
 11.842 
 12.332 
 12.752 
 13.146 
 13.593 
 14.036 
 14.439 
 14.863 
 15.289 
 15.681 
 16.012 
 16.574 
 17.004 
 17.439 
 17.868 
 18.227 
 18.541 
 19.163 
 19.549 
 19.834 
 20.424 
 20.975 
 21.319 
 21.766 
 22.205 
 22.614 
 23.082 
 23.475 
 24.107 
 24.309 
 25.05 
 25.197 
 25.626 
 25.855 
 25.953 
 26.02 
 26.118 
 26.484 
 26.91 
 27.334 
 27.725 
 28.185 
 28.521 
 29.037 
 29.462 
 30.125 
 30.224 
 31.248 
 31.792 
 32.44 
 33.263 
 33.727 
 34.158 
 34.685 
 35.056 
 35.441 
 35.873 
 36.476 
 36.906 
 37.594 
 38.409 
 38.676 
 38.883 
 39.74 
 40.17 
 40.593 
 40.964 
 41.286 
 41.777 
 42.118 
 42.415 
 42.629 
 42.935 
 43.979 
 45.245 
 45.665 
 46.044 
 46.509 
 46.933 
 47.358 
 47.808 
 48.169 
 48.633 
 49.07 
 49.481 
 50.06 
 50.678 
 51.179 
 51.601 
 52.028 
 52.454 
 52.956 
 53.309 
 53.618 
 53.925 
 54.165 
 54.593 
 54.913 
 55.84 
 55.876 
 56.774 
 57.348 
 57.631 
 58.016 
 58.443 
 58.849 
 59.231 
 59.72 
