 0.133 
 0.347 
 0.827 
 1.188 
 1.41 
 1.944 
 2.379 
 2.818 
 3.196 
 3.633 
 4.014 
 4.423 
 4.869 
 5.319 
 5.681 
 6.03 
 6.493 
 6.899 
 7.283 
 7.948 
 8.129 
 8.487 
 8.812 
 8.844 
 8.947 
 9.047 
 9.37 
 9.674 
 9.954 
 10.088 
 10.154 
 10.47 
 10.601 
 11.027 
 11.393 
 11.68 
 11.984 
 12.348 
 12.507 
 13.482 
 13.751 
 14.079 
 14.479 
 14.823 
 14.942 
 15.145 
 15.354 
 15.887 
 16.802 
 17.447 
 17.705 
 17.966 
 18.38 
 18.675 
 18.725 
 19.205 
 19.345 
 19.905 
 20.47 
 20.99 
 21.548 
 22.194 
 22.597 
 22.999 
 23.47 
 23.864 
 24.202 
 24.777 
 25.071 
 25.437 
 25.789 
 26.187 
 26.545 
 26.907 
 27.267 
 27.642 
 27.901 
 28.313 
 28.736 
 29.13 
 29.751 
 30.44 
 30.887 
 31.263 
 32.063 
 32.536 
 32.996 
 33.494 
 34.308 
 34.794 
 35.224 
 35.679 
 36.024 
 36.552 
 36.996 
 37.508 
 38.002 
 38.485 
 38.974 
 39.447 
 40.121 
 40.132 
 40.938 
 41.428 
 41.647 
 41.943 
 42.628 
 42.809 
 43.334 
 43.744 
 44.349 
 44.816 
 45.276 
 45.91 
 46.704 
 48.604 
 49.504 
 50.029 
 50.839 
 51.109 
 52.131 
 52.612 
 52.905 
 53.198 
 53.63 
 54.224 
 54.687 
 55.067 
 55.604 
 56.104 
 56.586 
 57.077 
 57.572 
 57.964 
 58.45 
 58.849 
 59.13 
