0.288
0.372
0.842
1.311
1.782
2.252
2.72
3.187
3.657
4.125
4.592
5.058
5.523
5.988
6.454
6.927
7.392
7.863
8.329
8.796
9.263
9.724
10.186
10.649
11.118
11.594
12.066
12.542
13.014
13.49
13.962
14.432
14.901
15.369
15.838
16.305
16.773
17.237
17.705
18.175
18.643
19.115
19.582
20.051
20.513
20.978
21.442
21.906
22.371
22.841
23.306
23.774
24.165
24.632
25.17
25.631
26.095
26.558
27.022
27.485
27.954
28.418
28.879
29.341
29.799
30.255
30.631
31.161
31.618
32.066
32.517
32.97
33.42
33.87
34.319
34.767
35.215
35.662
36.11
36.55
36.992
37.432
37.871
38.306
38.74
39.177
39.509
39.944
40.379
40.804
41.222
41.636
42.047
42.457
42.863
43.274
43.585
44.006
44.409
44.81
45.21
45.61
46.01
46.425
46.84
47.262
47.696
48.143
48.602
49.069
49.549
50.043
50.542
51.051
51.559
52.065
52.574
53.082
53.575
54.071
54.567
55.047
55.534
56.026
56.498
56.98
57.462
57.939
58.418
58.885
59.355
59.823
