0.181
0.649
1.115
1.58
1.88
2.511
2.98
3.449
3.918
4.387
4.855
5.325
5.794
6.26
6.73
7.197
7.665
8.132
8.514
9.065
9.53
9.997
10.459
10.925
11.387
11.846
12.308
12.765
13.222
13.678
14.135
14.591
15.045
15.5
15.952
16.408
16.862
17.315
17.77
18.224
18.685
19.141
19.597
20.055
20.489
20.972
21.435
21.901
22.37
22.838
23.305
23.773
24.241
24.707
25.171
25.633
26.098
26.556
27.019
27.484
27.952
28.416
28.894
29.363
29.832
30.305
30.773
31.24
31.707
32.172
32.637
33.1
33.562
34.024
34.486
34.951
35.418
35.882
36.341
36.807
37.273
37.741
38.208
38.676
39.144
39.612
40.083
40.588
41.022
41.49
41.959
42.428
42.896
43.368
43.841
44.314
44.788
45.26
45.734
46.207
46.679
47.149
47.62
48.425
48.507
49.034
49.533
49.973
50.441
50.907
51.375
51.844
52.309
52.777
53.244
53.711
54.177
54.644
55.104
55.566
56.026
56.489
56.95
57.406
57.871
58.332
58.947
59.343
59.731
