0.213
0.495
1.558
2.286
4.002
4.931
5.424
5.495
7.029
9.41
10.794
13.58
14.782
15.554
15.871
16.59
17.416
20.774
25.569
27.653
27.688
27.975
28.358
28.482
28.725
28.865
29.125
29.346
29.74
29.98
30.212
30.907
31.543
31.619
32.71
33.658
34.016
34.521
37.553
37.87
38.347
38.838
39.322
39.802
40.284
41.117
41.953
43.091
43.494
44.358
44.735
45.437
45.826
46.313
46.751
47.214
47.569
48.02
48.464
48.912
49.511
49.96
50.408
50.856
51.343
51.792
52.24
52.688
53.117
53.619
54.067
54.501
54.942
55.507
55.952
56.395
56.839
57.345
57.742
59.311
