0.231
0.699
1.165
2.097
2.563
3.026
3.489
3.951
4.411
4.867
5.325
5.782
6.239
6.7
7.075
7.617
8.072
8.537
8.976
9.465
9.93
10.402
10.871
11.338
11.81
12.288
12.7
13.238
13.712
14.187
14.574
15.048
15.613
16.092
16.571
17.046
17.525
17.99
18.463
18.937
19.413
19.894
20.372
20.855
21.335
21.817
22.301
22.785
23.267
23.747
24.223
24.7
25.176
25.651
26.126
26.601
27.077
27.552
28.026
28.5
28.973
29.445
29.92
30.396
30.871
31.346
31.818
32.289
32.758
33.23
33.699
34.173
34.643
35.112
35.581
36.049
36.515
36.983
37.454
37.921
38.391
38.86
39.33
39.802
40.273
40.744
41.221
41.692
42.165
42.636
43.108
43.578
44.045
44.512
44.979
45.448
45.918
46.388
46.857
47.325
47.791
48.256
48.722
49.188
49.654
50.117
50.583
51.049
51.517
51.983
52.457
52.927
53.398
53.871
54.342
54.759
55.281
55.746
56.211
56.676
57.083
57.602
58.066
58.568
58.995
59.462
59.93
