0.459
0.657
0.949
1.612
1.642
1.73
2.192
2.397
2.519
5.156
5.8
5.856
6.393
6.524
6.613
7.898
8.086
8.439
9.656
10.776
13.592
13.687
16.33
16.869
18.217
21.051
21.207
21.582
23.297
23.973
24.498
25.975
26.574
28.387
28.672
29.432
30.981
31.069
33.102
34.01
35.126
35.437
35.536
36.432
37.634
37.986
38.467
39.097
39.662
40.169
40.705
41.287
46.97
47.297
47.802
48.346
48.875
49.586
49.734
50.467
51.797
52.342
52.631
53.203
53.97
54.071
54.484
54.976
55.373
55.97
56.422
56.932
57.409
58.133
58.722
59.707
