0.168
1.033
1.82
1.886
2.033
2.729
3.146
3.557
3.966
4.371
4.781
5.171
5.567
5.964
6.359
6.753
7.16
7.553
7.962
8.362
8.775
9.183
9.593
10.004
10.415
10.83
11.243
11.659
12.075
12.497
12.92
13.339
13.778
14.215
14.647
15.08
15.517
15.958
16.403
16.842
17.286
17.728
18.167
18.611
19.07
19.553
20.017
20.475
20.932
21.38
21.827
22.272
22.714
23.124
23.603
24.048
24.519
24.926
25.364
25.8
26.234
26.666
27.099
27.535
27.968
28.405
28.839
29.27
29.701
30.134
30.565
30.996
31.427
31.865
32.3
32.733
33.171
33.608
34.045
34.482
34.92
35.36
35.777
36.243
36.687
37.13
37.579
38.023
38.466
38.912
39.355
39.799
40.245
40.774
41.142
41.587
42.032
42.479
42.925
43.37
43.817
44.265
44.712
45.155
45.604
46.051
46.499
46.946
47.395
47.855
48.311
48.766
49.217
49.672
50.126
50.577
51.029
51.487
51.945
52.401
52.863
53.322
53.775
54.232
54.676
55.123
55.568
56.014
56.461
56.905
57.347
57.791
58.232
58.672
59.065
59.876
