0.604
0.808
1.056
1.971
3.355
3.819
4.278
4.647
5.108
5.576
6.017
6.468
6.913
7.472
7.695
8.772
8.87
9.717
10.162
10.513
11.061
11.534
11.993
12.5
12.99
13.461
13.942
14.41
14.886
15.348
15.82
16.186
16.766
17.241
17.706
18.391
18.615
19.135
19.583
20.067
20.491
21.058
21.408
21.827
22.248
22.632
22.926
23.254
23.856
24.401
24.901
25.374
25.887
26.311
26.964
27.247
27.72
28.168
28.636
29.1
29.565
30.025
30.49
30.937
31.395
31.855
32.321
32.796
33.259
33.768
34.271
34.774
35.277
35.798
36.32
36.849
37.383
37.906
38.431
38.959
39.455
40.047
40.427
41.111
41.643
42.167
42.695
43.197
43.71
44.219
44.733
45.243
45.754
46.257
46.762
47.273
47.769
48.27
48.768
49.281
49.79
50.298
50.811
51.329
51.838
52.361
52.878
53.388
53.891
54.412
54.916
55.446
55.976
56.511
57.033
57.552
58.031
58.555
59.362
59.535
59.985
