0.392
2.767
3.946
4.316
4.802
4.838
5.264
5.662
6.074
6.674
7.093
7.508
7.925
8.343
8.76
9.461
10.084
10.604
11.396
11.67
11.833
12.195
12.58
14.737
15.371
15.88
16.507
16.585
16.866
17.243
23.109
25.237
25.549
25.793
26.017
26.193
26.644
26.685
26.793
27.585
28.189
28.545
29.025
29.567
30.078
30.574
31.078
31.586
32.092
32.597
33.102
33.608
34.114
34.62
35.126
35.511
36.017
36.523
37.029
37.533
38.039
38.545
39.051
39.51
39.909
40.392
40.863
41.622
41.642
42.699
43.552
43.605
48.274
48.799
49.355
49.896
50.549
51.219
51.35
51.38
51.843
52.74
52.806
52.907
53.09
54.418
55.062
55.592
56.124
56.736
56.944
59.215
59.986
