0.455
0.956
1.453
1.941
2.434
2.926
3.75
3.916
4.559
5.001
5.447
5.954
6.447
6.784
7.445
7.95
8.443
8.931
9.418
9.908
10.39
10.869
11.354
11.819
12.29
12.762
13.234
13.698
14.163
14.629
15.094
15.554
16.015
16.472
16.931
17.388
17.845
18.299
18.756
19.213
19.667
20.129
20.6
21.066
21.541
22.024
22.498
22.972
23.474
23.963
24.537
24.931
25.412
25.894
26.37
26.85
27.324
28.108
28.263
28.733
29.196
29.662
30.122
30.581
31.046
31.508
31.978
32.361
32.901
33.357
33.82
34.279
34.739
35.198
35.651
36.106
36.556
37.004
37.451
37.897
38.339
38.781
39.225
39.668
40.094
40.719
40.966
41.397
41.827
42.263
42.687
43.115
43.489
43.954
44.38
44.787
45.197
45.608
46.019
46.43
46.844
47.259
47.685
48.105
48.522
48.864
49.282
49.847
50.288
50.718
51.149
51.577
52.0
52.429
52.85
53.267
53.639
54.107
54.523
54.939
55.356
55.772
56.181
56.592
57.005
57.418
57.83
58.255
58.674
59.11
