0.56
1.036
1.514
1.99
2.464
2.942
3.422
3.9
4.381
4.86
5.337
5.816
6.295
6.771
7.249
7.727
8.201
8.67
9.141
9.611
10.082
10.552
11.027
11.498
11.971
12.448
12.894
13.393
13.867
14.338
14.812
15.285
15.763
16.244
16.72
17.197
17.674
18.153
18.632
19.113
19.588
20.065
20.544
21.02
21.502
21.98
22.456
22.933
23.412
23.884
24.359
24.837
25.314
25.792
26.272
26.759
27.249
27.734
28.223
28.705
29.192
29.671
30.153
30.635
31.113
31.587
32.065
32.548
33.028
33.512
33.997
34.48
34.967
35.448
35.924
36.398
36.874
37.346
37.822
38.297
38.772
39.253
39.734
40.217
40.699
41.183
41.667
42.15
42.635
43.114
43.592
44.069
44.543
45.02
45.495
45.971
46.444
46.92
47.397
47.873
48.355
48.832
49.309
49.802
50.29
50.772
51.258
51.742
52.227
52.703
53.182
53.664
54.134
54.606
55.082
55.566
56.043
56.525
57.005
57.491
57.978
58.466
58.951
59.432
59.916
