0.056
0.91
2.448
3.493
4.346
5.186
7.652
8.564
10.974
11.82
12.402
14.197
15.044
15.861
16.385
17.43
17.981
18.25
20.082
20.668
21.34
21.597
23.135
23.372
24.187
24.723
25.554
27.594
27.791
28.274
28.844
29.402
29.846
30.429
31.238
31.533
32.554
33.337
34.34
35.272
36.017
36.563
36.758
37.383
38.104
38.356
39.181
40.318
40.47
40.978
41.813
42.11
42.616
43.123
43.674
44.116
44.622
45.135
45.941
46.45
46.961
47.72
47.906
48.582
49.512
50.385
51.122
51.6
52.098
52.158
53.499
53.987
54.361
54.792
55.215
55.866
56.266
56.693
57.126
57.828
58.258
58.626
59.058
59.518
59.66
