0.307
0.655
1.005
1.353
1.705
2.057
2.411
2.765
3.118
3.473
3.827
4.187
4.546
4.905
5.239
5.625
5.984
6.342
6.7
7.065
7.431
7.706
8.163
8.431
8.528
8.893
9.623
10.347
10.892
11.797
12.154
12.512
12.868
13.226
13.61
13.941
14.298
14.661
15.018
15.376
15.735
16.094
16.453
16.812
17.177
17.544
17.908
18.273
18.637
19.003
19.368
19.732
20.095
20.456
20.82
21.184
21.546
21.906
22.267
22.628
22.99
23.351
23.714
24.035
24.396
24.797
25.159
25.521
25.883
26.241
26.609
26.931
27.334
27.697
28.055
28.415
28.776
29.131
29.415
29.772
30.193
30.546
30.901
31.257
31.602
31.956
32.31
32.662
33.015
33.365
33.715
34.064
34.412
34.761
34.817
35.107
35.453
35.75
36.101
36.12
37.861
38.202
38.52
39.265
39.408
39.922
40.266
40.61
40.954
41.296
41.638
41.983
42.489
43.37
43.718
44.145
44.764
45.461
45.809
47.553
47.963
48.605
48.955
49.656
50.003
51.744
52.439
53.104
53.714
53.892
54.291
54.888
55.242
55.595
55.949
56.303
56.655
57.011
57.504
57.715
58.419
59.122
59.475
59.831
