0.07
0.373
1.549
2.939
4.032
5.963
6.716
7.84
8.183
8.969
9.995
12.107
13.521
15.335
16.492
17.463
18.393
19.392
20.403
21.361
21.632
21.685
22.259
22.527
23.439
23.86
24.269
24.609
25.024
25.555
25.967
26.591
27.064
27.671
28.577
29.654
29.855
30.038
30.761
31.223
31.614
32.04
32.657
33.101
33.727
34.258
34.742
35.25
35.837
36.356
36.992
37.366
37.981
38.832
39.857
40.927
41.628
41.717
43.311
44.394
45.413
46.571
47.814
48.818
49.889
50.795
51.109
53.169
53.852
54.401
56.15
56.69
57.797
59.027
