0.197
0.827
0.93
1.083
1.526
1.939
2.402
3.057
3.51
3.944
4.591
5.397
6.352
7.239
8.107
8.315
9.099
9.897
10.268
10.791
11.165
11.683
12.143
12.588
12.942
13.486
13.608
14.227
14.784
15.273
15.947
16.165
17.058
17.203
17.785
18.386
18.891
19.294
19.752
20.234
20.704
21.168
21.571
22.021
22.545
23.002
23.444
24.095
24.176
25.251
25.649
26.174
26.841
27.483
28.43
28.759
28.946
30.215
30.434
30.455
31.499
31.948
32.455
32.802
33.355
33.988
34.685
36.464
36.905
37.249
37.791
38.147
38.6
39.071
39.798
40.007
40.394
40.743
41.109
41.466
41.828
42.194
42.467
43.081
43.303
43.43
43.499
43.816
44.421
44.858
45.231
45.687
46.161
46.494
46.909
47.44
47.863
48.282
48.703
49.05
49.475
50.038
50.345
50.755
51.163
51.81
51.945
52.248
52.74
52.768
53.028
53.657
54.033
54.354
54.419
54.938
55.144
55.639
55.94
56.392
56.589
56.882
57.296
57.634
57.761
57.786
58.127
58.972
59.81
