0.003
1.099
1.935
2.953
3.847
4.61
5.556
6.303
6.521
6.984
7.015
7.572
8.399
8.415
9.295
9.814
9.96
11.706
13.261
13.294
14.136
14.368
15.653
16.19
16.606
17.175
17.459
18.99
19.426
19.928
20.397
20.882
21.55
21.629
22.219
22.756
23.18
23.66
24.168
24.667
25.269
25.772
26.372
27.206
27.899
28.147
29.663
30.465
31.187
32.872
35.012
36.341
36.423
37.487
37.57
38.308
38.718
39.201
39.726
40.532
40.577
42.075
42.955
43.213
43.984
44.757
47.106
47.903
48.579
48.72
48.867
49.711
50.122
50.789
50.952
51.476
51.944
52.775
53.271
53.714
54.09
54.419
54.876
55.212
55.715
56.374
56.521
57.028
57.406
57.993
58.191
58.607
59.51
