0.364
1.284
1.74
2.23
2.659
3.0
3.58
3.653
4.549
4.895
5.403
5.869
6.341
6.797
7.251
7.706
8.162
8.616
9.078
9.534
9.984
10.47
10.925
11.417
11.83
12.364
13.169
13.682
14.068
14.507
14.95
15.412
15.833
16.322
16.792
17.328
17.803
18.18
18.954
19.08
19.483
19.941
20.593
20.813
21.273
21.849
22.248
22.736
23.225
23.742
24.18
24.643
25.119
25.542
25.984
26.422
26.863
27.354
27.725
28.156
28.582
29.002
29.422
29.845
30.28
30.701
31.128
31.549
31.968
32.393
32.815
33.233
33.653
34.076
34.497
34.957
35.371
35.793
36.205
36.629
37.097
37.499
37.929
38.356
38.786
39.212
39.65
40.077
40.518
40.959
41.477
41.852
42.293
42.74
43.186
43.687
44.134
44.514
44.99
45.393
45.847
46.3
46.754
47.151
47.609
47.979
48.41
48.84
49.26
49.685
50.123
50.55
51.033
51.415
51.856
52.279
52.715
53.152
53.613
54.007
54.438
54.87
55.245
55.722
56.159
56.622
57.015
57.441
57.87
58.592
58.718
59.209
59.591
59.857
