0.135
0.887
1.262
1.635
2.379
2.752
3.126
3.502
3.878
4.253
4.635
5.016
5.397
5.778
6.159
6.541
6.92
7.298
7.676
8.051
8.429
8.798
9.168
9.539
9.907
10.276
10.646
11.004
11.368
11.73
12.091
12.452
12.813
13.175
13.537
13.897
14.258
14.62
14.98
15.342
15.679
16.04
16.427
16.79
17.151
17.513
17.875
18.237
18.603
18.965
19.335
19.703
20.072
20.444
20.814
21.189
21.565
21.941
22.316
22.695
23.072
23.447
23.823
24.199
24.577
24.956
25.337
25.715
26.094
26.472
26.831
27.225
27.601
27.977
28.353
28.725
29.097
29.469
29.841
30.214
30.588
30.941
31.345
31.727
32.113
32.498
32.884
33.269
33.653
34.035
34.416
34.797
35.176
35.554
35.934
36.306
36.68
37.054
37.427
37.799
38.171
38.542
38.914
39.286
39.659
40.03
40.403
40.775
41.145
41.492
41.863
42.254
42.621
42.988
43.353
43.72
44.078
44.438
44.773
45.132
45.512
45.87
46.227
46.581
46.938
47.295
47.652
47.934
48.344
48.701
49.07
49.402
49.757
50.11
50.465
50.819
51.177
51.48
51.888
52.244
52.601
52.955
53.313
53.618
54.028
54.385
54.743
55.099
55.455
55.812
56.144
56.521
56.877
57.234
57.59
57.947
58.304
58.661
58.993
59.376
59.733
