0.004
0.266
0.418
0.85
1.704
2.134
2.565
2.994
3.415
3.847
4.277
4.702
5.131
5.56
6.079
6.425
6.854
7.288
7.72
8.454
8.767
9.468
9.9
10.332
10.764
11.193
11.497
12.114
12.544
12.907
13.249
13.646
14.181
14.538
15.027
15.448
15.871
16.362
16.758
17.18
17.543
17.965
18.328
18.735
19.226
19.645
20.073
20.496
20.922
21.346
21.771
22.196
22.619
23.035
23.466
23.89
24.314
24.738
25.162
25.675
26.019
26.443
26.867
27.25
27.726
28.15
28.576
28.999
29.424
30.118
30.27
30.693
31.113
31.534
31.954
32.343
32.764
33.096
33.626
34.031
34.469
34.892
35.235
35.733
36.158
36.557
37.004
37.425
37.848
38.269
38.693
39.115
39.533
39.953
40.374
40.795
41.216
41.802
42.056
42.48
43.003
43.816
44.164
44.583
45.002
45.325
45.749
46.266
46.448
47.521
47.791
48.357
48.548
49.185
49.359
50.014
50.429
50.839
51.254
51.669
52.076
52.488
52.9
53.284
53.72
54.132
54.544
54.952
55.362
55.771
56.11
56.592
57.003
57.414
57.828
58.213
58.896
58.942
59.508
59.665
