0.045
1.403
2.798
2.89
3.009
3.091
4.544
5.397
5.856
7.921
8.614
8.731
8.849
9.767
9.941
11.045
11.291
12.639
13.951
14.881
18.373
18.839
20.955
21.183
22.635
22.769
23.301
23.681
24.463
24.919
25.413
25.888
26.372
26.852
27.334
27.815
28.296
28.777
29.576
30.057
30.538
31.019
31.5
31.981
32.462
33.072
33.16
33.883
34.275
34.776
35.222
35.696
36.156
36.802
37.269
37.74
38.265
38.763
39.137
39.622
40.114
40.602
41.211
41.25
42.515
42.774
45.584
45.901
49.379
49.616
50.718
51.367
51.536
52.654
53.329
55.01
56.354
57.752
58.703
58.983
