0.381
0.762
1.523
1.904
2.665
3.387
4.23
4.965
5.49
5.745
6.13
6.585
7.308
7.728
8.095
8.487
8.881
9.276
9.67
10.059
10.51
10.904
11.22
11.612
12.028
12.423
12.81
13.204
13.598
13.959
14.373
14.788
15.079
15.466
15.919
16.312
16.698
17.084
17.474
17.862
18.243
18.63
19.027
19.417
19.81
20.197
20.694
20.979
21.369
21.761
22.115
22.487
22.964
23.346
23.723
24.223
24.582
24.887
25.255
25.784
26.097
26.58
26.913
27.379
27.861
28.608
28.684
30.142
30.535
31.323
31.714
32.107
32.497
32.889
33.277
33.64
34.054
34.444
34.834
35.226
35.617
35.94
36.399
36.79
37.181
37.57
37.957
38.348
38.738
39.128
39.516
39.906
40.298
40.688
41.078
41.468
41.856
42.394
42.514
43.422
43.814
44.205
44.555
44.962
45.272
45.772
46.15
46.551
47.168
47.298
48.103
48.43
48.795
49.207
49.624
50.01
50.409
50.809
51.208
51.592
51.991
52.39
52.789
53.188
53.507
53.884
54.272
54.654
55.097
55.482
55.868
56.254
56.569
56.983
57.369
57.692
58.046
58.465
58.835
59.223
59.679
