0.313
0.436
0.643
1.036
1.694
2.386
2.616
3.163
3.416
3.816
4.056
4.341
4.711
5.019
5.226
5.832
6.029
6.098
6.402
6.644
7.051
7.557
7.912
8.274
8.679
9.01
9.368
9.728
10.283
10.681
11.077
11.473
11.87
12.264
12.749
12.887
13.423
13.498
13.638
14.278
14.439
14.688
15.252
15.278
15.52
16.142
16.788
17.164
17.706
17.789
18.611
18.915
19.495
19.553
20.203
20.639
21.073
21.507
22.023
22.369
22.8
23.229
23.659
24.086
24.516
24.839
25.368
25.653
26.222
26.879
27.507
27.936
28.365
28.794
29.223
29.653
30.082
30.507
30.832
31.218
31.557
31.92
32.212
32.563
33.057
33.479
33.9
34.32
34.741
35.164
35.635
36.057
36.42
36.845
37.269
37.692
38.123
38.548
38.972
39.407
39.836
40.265
40.82
41.124
41.553
41.983
42.409
42.835
43.416
44.123
44.338
44.786
45.258
45.848
46.279
46.708
47.14
47.569
47.998
48.428
48.858
49.288
49.718
50.286
50.566
50.888
51.42
51.847
52.273
52.7
53.126
53.552
54.288
54.714
55.401
56.104
56.531
56.959
57.815
58.242
58.639
59.092
59.621
59.932
