0.25
0.644
0.766
0.833
1.834
2.229
2.626
3.021
3.38
3.738
4.369
4.39
4.923
5.383
5.773
6.165
6.529
6.948
7.341
7.73
8.123
8.516
8.911
9.304
9.703
10.099
10.494
10.897
11.295
11.698
12.099
12.501
12.902
13.304
13.703
14.104
14.505
14.908
15.307
15.708
16.11
16.511
16.914
17.316
17.721
18.126
18.528
18.935
19.339
19.744
20.149
20.554
20.957
21.357
21.761
22.166
22.57
22.973
23.377
23.774
24.178
24.582
24.987
25.392
25.796
26.143
26.548
27.036
27.441
27.847
28.258
28.666
29.074
29.482
29.89
30.297
30.703
31.109
31.572
31.914
32.319
32.722
33.122
33.524
33.926
34.321
34.723
35.125
35.526
35.928
36.33
36.734
37.123
37.527
37.93
38.334
38.737
39.142
39.544
39.951
40.355
40.781
41.207
41.632
42.058
42.481
43.184
43.752
44.173
44.59
45.009
45.426
45.843
46.261
46.678
47.082
47.42
47.903
48.311
48.719
49.125
49.529
49.935
50.343
50.966
51.147
52.09
52.201
52.522
52.756
53.162
53.311
53.564
53.971
54.786
55.197
55.606
56.024
56.437
56.854
57.269
57.69
58.113
58.532
58.949
59.367
59.784
