0.091
0.315
0.799
0.994
1.281
2.032
2.508
2.963
3.39
3.856
4.316
4.676
5.387
5.729
6.139
6.492
6.849
7.204
7.645
7.78
8.644
9.112
9.512
9.857
10.25
10.67
11.261
11.898
12.102
12.673
13.308
13.353
13.702
14.245
14.881
15.157
15.636
16.204
16.986
17.391
17.901
18.408
18.852
19.648
20.052
20.528
20.942
21.291
21.71
22.03
22.412
22.807
23.196
23.513
23.822
24.439
24.668
25.275
25.517
25.833
26.023
26.358
26.685
26.889
27.236
27.343
27.441
28.119
28.537
29.576
29.983
30.723
31.584
31.827
31.91
32.702
33.413
33.943
34.362
34.55
35.09
35.566
36.278
36.673
37.436
37.863
38.538
39.082
39.215
40.499
41.377
41.823
42.382
42.469
43.245
43.897
43.966
44.634
44.671
45.125
46.149
46.465
46.771
47.156
47.506
47.812
48.22
48.588
49.211
49.657
50.241
50.975
51.891
52.703
53.26
53.858
54.577
55.511
55.962
56.163
56.328
56.526
56.661
57.463
57.639
58.06
58.975
59.35
59.587
