0.638
1.075
1.512
1.54
1.951
2.393
2.841
3.276
3.718
4.157
4.597
5.033
5.478
5.913
6.352
6.797
7.233
7.681
8.235
8.56
9.002
9.44
9.882
10.323
10.761
11.201
11.639
12.078
12.514
12.95
13.392
14.108
14.704
15.149
15.587
16.026
16.465
16.904
17.347
17.786
18.22
18.665
19.106
19.546
19.984
20.424
20.864
21.304
21.747
22.189
22.627
23.067
23.509
23.943
24.382
24.819
25.263
25.699
26.137
26.574
27.018
27.454
27.9
28.341
28.782
29.228
29.672
30.113
30.557
31.002
31.446
31.886
32.329
32.772
33.214
33.655
34.095
34.84
35.282
35.866
36.745
37.183
37.623
38.135
38.942
39.379
39.822
40.261
40.701
41.139
41.578
42.017
42.464
43.184
43.24
43.791
44.232
44.675
45.116
45.557
45.999
46.44
46.88
47.319
47.76
48.197
48.638
49.082
49.519
49.958
50.329
50.847
51.184
51.727
51.964
52.612
52.872
53.496
53.938
54.817
55.161
55.696
56.137
56.575
57.017
57.453
57.895
58.335
58.782
59.226
