0.119
0.344
0.735
1.558
1.907
2.528
2.949
3.804
4.014
4.557
4.915
5.366
5.77
6.134
6.661
7.073
7.529
7.963
8.56
8.656
9.188
9.937
10.313
10.815
11.332
11.765
12.161
12.627
13.096
13.597
14.234
14.281
14.972
15.451
15.803
16.326
16.826
17.316
17.706
18.23
19.096
19.603
20.045
20.527
20.932
21.419
21.782
22.251
22.758
23.217
23.888
24.191
24.709
25.115
25.545
25.967
26.427
26.881
27.339
27.789
28.25
28.706
29.163
29.637
30.117
30.737
31.08
31.549
32.043
32.524
32.913
33.309
33.868
34.306
34.764
35.228
35.689
36.203
36.639
37.089
37.574
38.044
38.377
39.02
39.852
40.37
41.302
41.632
41.831
42.148
43.234
44.426
44.885
45.139
45.419
45.788
46.244
46.722
47.184
47.641
48.085
48.56
49.03
49.548
49.957
50.43
50.902
51.341
51.869
52.308
52.764
53.22
53.68
54.062
54.518
54.974
55.555
56.067
56.509
56.955
57.382
57.955
58.278
58.761
59.215
59.785
