0.12
0.149
0.881
1.71
1.905
2.424
3.144
3.376
3.687
4.102
4.628
5.027
5.318
5.725
6.128
6.606
7.011
7.417
7.768
8.174
8.815
9.221
9.633
10.042
10.368
10.771
11.177
11.582
11.986
12.354
12.837
13.371
13.842
14.471
14.508
15.168
15.521
15.905
16.211
16.552
16.756
18.525
18.822
18.966
19.232
19.564
20.586
21.119
21.552
22.2
22.522
23.288
23.341
23.758
24.128
24.474
24.832
25.182
25.574
25.928
26.284
26.639
26.994
27.385
27.896
28.331
28.717
29.115
29.425
29.782
30.154
30.518
30.955
31.555
31.798
32.385
33.148
33.375
33.781
34.342
34.844
35.421
35.952
36.809
37.227
37.418
37.796
38.261
38.713
39.128
39.562
40.005
40.678
40.969
41.363
41.733
42.115
42.491
42.891
43.27
43.65
44.03
44.41
44.79
45.17
45.648
46.028
46.405
46.785
47.131
47.789
48.168
48.548
48.904
49.284
49.664
49.957
50.325
50.867
51.241
51.558
51.876
52.299
52.513
53.057
53.657
54.14
54.536
55.014
55.494
55.911
56.353
57.078
57.404
57.726
58.11
58.623
58.978
59.291
59.711
59.867
