0.037
0.396
0.755
1.473
1.836
2.2
2.561
2.922
3.286
3.65
4.016
4.382
4.747
5.111
5.476
5.838
6.104
6.467
6.83
7.192
7.645
8.008
8.369
8.787
9.178
9.59
9.996
10.405
10.812
11.199
11.596
11.987
12.374
12.757
13.135
13.52
13.883
14.25
14.641
15.017
15.352
15.717
16.078
16.44
16.801
17.16
17.71
17.882
18.241
18.601
18.958
19.315
19.673
19.958
20.386
20.744
21.104
21.463
21.824
22.182
22.541
22.901
23.268
23.596
23.986
24.347
24.709
25.117
25.43
25.791
26.152
26.52
26.885
27.252
27.618
27.984
28.35
28.694
29.051
29.409
29.765
30.122
30.478
30.834
31.189
31.544
31.897
32.255
32.612
32.97
33.328
33.679
34.036
34.391
34.747
35.101
35.454
35.808
36.156
36.51
36.864
37.216
37.567
37.918
38.271
38.623
38.975
39.327
39.68
40.032
40.384
40.736
41.109
41.416
41.822
42.184
42.535
42.89
43.248
43.61
43.97
44.329
44.688
45.041
45.4
45.973
46.459
46.783
47.165
47.518
47.871
48.225
48.578
48.932
49.286
49.64
49.994
50.351
50.718
51.074
51.445
51.807
52.167
52.529
52.89
53.254
53.616
53.976
54.335
54.695
55.053
55.412
55.771
56.118
56.472
56.825
57.176
57.53
57.882
59.638
